F7;1714334892224;020012085085035040022022022022084040115130000000000000106076076005008037111076076083008037081013039015008037;999990309099990901999091999091990991190990999999909099909929
F7;1714336029988;015081005013046046088088007100046046088088052145054012134134061061061061134056051058058058078078122122057065;919092119999919999010999913999909999999099909909990900090999
M6;1714337667219;010006006006006047059042089082082999012042063005077039093042130068077999036036073073077999036013073073015999;999900099990109999199939110990999090990999999099999992990999
M6;1714340011167;035081010073073999043133015073073999145133133005064999044026021021065999012134077077077024134134014014014999;909990099999929909991909019999199099999019093199099909999999
M6;1714340154668;027041005058013999027089047058091999015024096058091999073073029029037999073073029029037999094018035012037999;911099199991999920099999099999109909099999999999909039909999
M6;1714340427674;135135135012024999044131000134134999064131000027134039041131000027019999043131000035005999083015095078078999;999999093099009909909909990999919099990990199999909991992199
M6;1714340993667;008012081060060083008074130060003999008113099017003051105005034034042999044075034034042999075075035015042065;990909309991099999999910000019909999990199999199999029999990
M6;1714341317913;010050042042042999077050046046015999077066046046099999077066045024021083012066071005021999013066064032035999;999990909990999990992999999990919999909900993191999119909109
M6;1714341634412;000000000000051999075015013091091999075075005121004999052065121121070999066066066066110999010012083009110999;999099900992999999909991199999909999990091099999903909999009
F7;1714382683611;044033092092005131012085085092057131086023023038015131111023023134134131109046046134082051047046046072082059;009119999093919999909909092099999990990999990990999909009990
F7;1714382909609;082082067016016061059114067016015061023023060005065061023023060060032061102009073073087013010012073073081068;999990999290009999919999999999109909909919090190003990999990